Eta = 0.05, Epsilon = 0.1
Accuracy = 0.8398058252427184

Eta = 0.01, Epsilon = 0.01
Accuracy = 0.8495145631067961
Weights: [ 5.45134631  2.33223456  1.15411376 -4.54556196  2.02420001 -0.24337879 -1.52623077  8.44975609 -2.12342038]

Eta = 0.0005, Epsilon = 0.001
Accuracy = .0.8495145631067961
Weights: [ 5.03684565  2.00556735  0.89042025 -4.04001114  2.36432442 -0.23580429 -1.51721929  7.47462075 -2.03407749]


Highest accuracy with Eta = .01, Epsilon = .01
Same value for Eta = 0.0005, Epsilon = 0.001, but much less performant.
